-1.67
-1.71
-1.77
-1.86
-1.94
-2.05
-2.15
-2.26
-2.36
-2.43
-2.50
-2.54
-2.56
1.66
1.69
1.74
1.82
1.89
2.00
2.11
2.20
2.30
2.39
2.45
2.50
2.53
-1.66
-1.68
-1.73
-1.78
-1.87
-1.95
-2.06
-2.16
-2.25
-2.34
-2.42
-2.46
-2.50
1.66
1.67
1.71
1.75
1.83
1.93
2.01
2.11
2.21
2.29
2.37
2.43
2.46
2.48
-1.66
-1.69
-1.74
-1.80
-1.89
-1.98
-2.07
-2.17
-2.26
-2.33
-2.39
-2.44
-2.46
1.66
1.68
1.72
1.79
1.85
1.94
2.04
2.12
2.22
2.30
2.36
2.41
2.44
-1.66
-1.67
-1.70
-1.76
-1.83
-1.91
-2.00
-2.10
-2.17
-2.26
-2.33
-2.37
-2.41
1.66
1.66
1.69
1.74
1.80
1.89
1.96
2.06
2.15
2.22
2.29
2.35
2.38
2.40
-1.66
-1.68
-1.73
-1.78
-1.86
-1.94
-2.02
-2.11
-2.20
-2.26
-2.32
-2.35
-2.38
1.66
1.67
1.71
1.77
1.83
1.91
2.00
2.07
2.16
2.23
2.28
2.33
2.35
-1.66
-1.67
-1.70
-1.75
-1.82
-1.88
-1.97
-2.05
-2.12
-2.20
-2.25
-2.30
-2.33
1.66
1.66
1.69
1.73
1.79
1.87
1.93
2.02
2.10
2.17
2.23
2.27
2.31
2.32
-1.66
-1.68
-1.72
-1.77
-1.84
-1.92
-1.99
-2.07
-2.13
-2.20
-2.26
-2.29
-2.31
1.66
1.67
1.71
1.76
1.82
1.89
1.97
2.04
2.12
2.17
2.23
2.27
2.29
-1.66
-1.67
-1.70
-1.75
-1.81
-1.87
-1.95
-2.01
-2.09
-2.16
-2.20
-2.25
-2.27
1.66
1.66
1.69
1.73
1.79
1.86
1.92
2.00
2.06
2.13
2.19
2.22
2.25
-1.66
-1.66
-1.68
-1.73
-1.77
-1.84
-1.89
-1.97
-2.04
-2.10
-2.16
-2.21
-2.23
-2.24
1.66
1.68
1.71
1.76
1.81
1.88
1.94
2.02
2.08
2.13
2.18
